6697953
3674343
7866867
3484867
2603281
976622
1334905
1186844
8120900
9868959
8933623
8488618
5359633
7582642
6485082
7825169
2850255
296301
8939007
6665020
7366422
1223379
3448932
5850116
4486482
3118805
911728
395289
9619982
5484793
714593
8834287
1675488
1097812
2319154
6795121
2074434
3654059
7981965
195334
6039370
9431940
1200305
3915356
7014583
7685387
4256877
2381190
498040
3195884
9046210
7864462
4419263
5011494
6230931
1422097
8130299
9659011
1817387
266633
7660156
2531980
1617273
9335644
6146145
3936427
8647117
8220579
106839
6629083
932266
8662561
6061023
4648923
5094269
5591958
4850662
9351146
7973148
5348702
5063383
7019358
5729517
1998998
2030852
1960448
3421096
2677503
4135811
7754835
2944137
1795968
2803167
4561410
3647964
8949312
1014189
2295082
9686244
3637380
8924165
3134862
2299942
7501540
7783785
9910563
3093499
2634447
9261710
1066647
7983149
6841445
8086006
3712666
8840443
2633210
8189466
4777891
5310714
2325278
2532726
771203
6637598
5335894
7848965
285562
6801558
8863154
2580644
6487802
5016887
4021161
2139016
7316829
1522702
9922801
9743744
4616201
5073600
1521806
8199200
3056750
8363251
6285206
9285768
7203695
8918417
9991587
1981586
6745483
4833217
7030665
7516686
1470815
4882911
5365651
1756377
1684469
6745157
6853374
688624
1762044
3390887
2827640
1595225
4913589
5266794
1338970
2046142
340394
2860776
245343
5913496
1224028
9046901
7715617
944075
481670
7707204
5442013
7227153
2540421
2472678
4743839
4011236
7355589
2625842
8283965
1556411
9371000
7653691
2245035
1133044
1044579
5072675
5244622
8474520
339469
6583592
520663
3196216
1960720
3282358
9109712
3184748
2329259
6825329
6645175
2810930
7048885
4603541
2554435
9589306
7076219
7298275
6116894
6948161
2440469
6917212
8504572
1811469
4570903
3265959
5460866
8131834
8338634
705488
6606355
1194456
9805432
9643370
6907024
1766152
5442080
6016736
7467253
287691
5358418
4112428
5614973
2407303
8715969
8169409
4512962
8308541
7984036
3146208
7773054
424505
63420
8793978
2235975
7150676
2059937
213193
7798862
2914923
3435033
4405217
6625731
3240465
6564939
3532755
5006617
2007019
2065844
2473870
4811063
7424262
9102651
426036
2347917
334972
8595445
6860879
8643513
6579481
2523440
8932919
7003987
2586860
7726897
1756314
2253888
9786834
4485859
52751
2701758
7920892
6974320
9327489
1161357
3539260
2860245
6167974
8062631
4926089
1158197
2873694
4866703
2777200
3299731
7214620
3112172
4411528
6591852
4272038
3507362
9115292
3204957
511349
4218504
931855
4784015
6472393
718689
9269874
6525144
3420447
7190766
6015816
5264289
8352123
9555076
640886
7036449
134060
5566975
710998
5524106
2950030
3488198
1340189
164650
6600371
5751718
9272854
872409
9259080
8388146
4077366
2286781
5123003
7525573
7070796
1595396
8244263
8857022
636892
4181062
8564140
6652708
9445351
9432615
8724137
86237
6469064
1374549
8169564
9696415
6898655
3635946
3184613
8238845
6316949
2301336
3990563
5589803
5690097
5765995
6494302
2283816
8052776
1617305
9809389
7639924
5729053
8053652
6496946
8882297
2234715
5061086
8051357
4196418
7010053
6775494
6799008
3479117
666395
7484924
5691884
7565051
1120871
1392850
5803896
7437820
3694186
2310811
5543975
9384284
8076806
2038277
4184452
6129582
6171934
3993841
6285858
1900987
2047494
2782804
3299636
6798561
360242
1350994
3511331
7370295
642840
310339
3365764
1309236
7795264
1574001
8874287
1432487
2966851
7194535
1386659
9177389
9505346
6930634
1078025
7582152
8968912
5262477
6228086
5140846
9256319
2513944
9558186
3820165
7813100
2857822
618726
689694
6725168
4130057
576341
7368009
6956749
6458457
1193597
7268365
8032458
67884
1217204
999309
7262419
2603863
2693051
9284117
9534497
3771076
6866269
8503409
9033554
3094355
6160608
8289873
8124651
8235146
2110038
5937751
3609320
5245116
9143797
334489
1891525
9720138
218850
1364626
6178595
1412447
8632991
6727406
3996683
9850195
243067
1259102
2454058
2936118
543219
4504908
6707195
9925840
3008317
5740749
5536547
1685277
6546974
3661198
2436775
1173364
2115301
6046096
6418480
1259098
8896937
826357
979236
1632139
2190984
9674183
3044586
3340327
6401589
7041269
5706875
6644657
816723
677285
9580775
3876294
5182193
6287970
6318486
706863
4545071
1855033
2392140
1092045
8032583
7345268
4781761
147884
3391364
1200241
3923334
4804653
4542951
7418922
6436792
9250287
7093105
9481378
2590614
6011047
9038999
813841
2655704
2372074
1491127
4752831
8764720
6673320
3557154
5083206
7380183
8102225
6938239
2288676
1710623
7487174
9633944
6492384
7635058
5541660
208978
4074744
346313
7268281
1493666
9299457
6518568
1103123
1297187
1625534
7114170
2852538
2439376
9769874
5224612
3930503
7039058
3989332
3120175
596212
9072538
3016711
1214789
8527129
5305387
5441764
8530655
7455683
1934149
8682065
5513695
4659479
2756809
8376360
4444112
4250475
7675817
962680
5353598
8973004
2588214
2467769
1825542
5027590
4753995
9566506
1474445
4309405
6072190
4594621
4905617
7661080
7611332
6120407
8704561
5433071
1562171
7235216
5405106
6012672
5917281
918801
3188503
8674090
9295161
7632615
5440917
9487330
8595295
3310867
8460334
3699862
5778636
2802228
1243804
3048984
4885086
2718250
7358389
957276
7312871
4780359
8618356
7440555
3417118
7322917
5389978
4979289
4558133
795084
3508314
2991766
1713885
9213169
1665856
3525398
6845785
7106773
3012728
7957432
2933992
3989414
4173646
8712629
9307994
5417451
4277965
4193080
8135701
4152706
5150356
7964924
8933065
6285064
7921831
2350183
6124333
3311809
9845825
682466
4106893
5870491
3674232
8337130
5083660
7856440
1862528
4445797
7479565
4875256
4919582
413557
8864670
9093228
1642538
8172664
4510679
8436855
2365744
5162732
2589562
32452
5644008
4038979
8833868
6082191
8905515
4958201
9394000
8751340
8157019
6017245
4621831
4347603
4354375
2221843
2204043
6216903
6667641
2199960
3608511
4103575
2613517
2473181
3196803
6772408
3162197
223835
5209263
8044293
7902919
315177
593097
3546928
4354157
9426965
2145471
3259672
4385166
1539472
4527364
5058537
73069
1665547
9406140
6943797
3887390
4126535
3160700
3071383
6326495
9285564
7174958
1456365
4275097
2888114
8228773
7437295
3111949
5954388
5481588
1014868
6269566
6074686
7078148
3140075
8018003
1739972
6399747
2403170
3279444
3443463
9978059
5868865
5109010
9384200
2812662
1512752
3510735
8489715
7100488
2353583
7775279
4275446
3809948
2050376
9679912
2038721
9487671
2791861
509461
7485612
6323082
6779027
6076650
5917582
9919102
4094653
7657554
8835201
9014175
3453350
2278664
8992235
9322216
7387674
8376435
4651230
1416779
4403522
3140945
8517267
6757105
3432576
5309065
3083405
5482953
4988978
7638478
7486976
297191
8147940
7488940
6620273
4926967
3565590
5054208
7362422
7660244
2711762
6197623
6674419
6165113
8476288
8183006
8003681
8380314
6559441
2654911
9797093
3479316
8312209
830712
2752773
1744785
6139778
5836179
9744090
3645108
3474657
9747419
3942299
1622597
7236359
562573
9065917
3318302
8133133
6428339
978546
844895
2625962
169317
9526360
3618602
8352324
7530041
1998917
7428117
2701305
4312362
3423785
1013514
5143075
6176559
5274651
3799205
2012738
5018742
7444313
8003747
4766161
3902964
9626345
4518872
6981889
8692262
7837174
5115022
5120601
8815720
5959918
262915
1501390
5486278
3881518
2370066
5532672
8396787
9798183
8233977
2709149
5738321
1763843
368576
1914880
7038494
6684133
6443970
4573588
6644798
4447717
1856101
547763
4074062
6374974
7529652
5282676
4212148
2644675
2919629
5544221
1120945
3182545
7045611
6607223
9580415
1932029
4656247
7977202
4246564
2890224
3202703
9984885
7170419
6087632
1899765
6725266
2771765
8343735
1298854
1932916
2791453
3154956
2480679
9381867
9529930
10331
7180896
6258430
5171358
100525
1802651
6292303
5799422
1364614
5415879
5379837
3296643
72126
3357039
7543208
5478703
6559743
7528093
2649122
2647375
1944211
9374388
7935492
287946
3189595
9868408
5595751
6344551
2349087
7493971
8390833
4875771
7191219
4649263
2563481
7291744
8968267
8855785
3091167
2849233
4271664
987356
8662229
4343790
4344396
6205437
9822493
3420491
6249882
4987968
8584218
710445
6878708
6519710
3514744
68303
6388119
9110495
8929206
1253558
9120818
9836391
8645681
6312037
4485655
1209163
6120134
5970274
2581300
1727653
8819507
6852964
2715009
7481736
3713106
9575757
6203525
6051952
2996248
4969760
1039920
1580466
5680205
434980
616529
9194949
503284
7004648
821797
9432490
774558
2458967
9268882
1936592
1287357
6270889
3145755
7407491
4757515
5727055
1651496
6093374
5096371
6882857
3575111
1325829
6458615
2294988
9894133
1971215
9781100
3450405
3551682
5461306
3885386
4168211
7172607
4388670
3689211
7994404
6337512
6980121
2969724
8122746
8916713
4257081
6909987
4578820
4180924
1667502
2822227
5832420
277229
434950
2715277
3852340
1760780
9173892
8663680
4171265
1145108
8444781
7621671
7213142
6422439
1507057
3897705
3595046
8412079
103268
4105803
7265943
7083389
7075527
7905042
8516455
3848960
7331381
3095275
8029884
1515236
5917503
3862304
1792465
8868805
9093933
5644805
3145937
8267826
6824837
7317203
1929286
7785970
4938874
1658780
4208409
8962283
5556485
319808
9890714
5659753
6941963
9673009
2743142
4017490
94403
3775949
382802
7425785
6871225
8412686
8941021
5305080
4791342
733486
4173885
3885275
8894643
7319823
4669453
8235832
7153378
9115091
6021803
4608604
773871
230212
6087239
6330356
3066372
5977953
4506461
8335
8167314
9765956
6542177
8261718
3541905
6924979
8203855
2929482
5337665
7144876
8234562
2645359
394714
4924800
9046987
9289357
2244623
3716440
7525189
9398001
2831532
6063344
6522957
6121755
6293557
2610196
4968464
1876281
1104501
9474925
1884617
9271815
1757233
8426794
49885
5299139
5351774
770092
8228621
3205791
7914968
8979536
8367503
826034
3904336
7414490
2631743
8665311
1130930
2673285
579664
6478814
8736629
7102621
2600570
7546538
9712817
85386
9422820
817318
9560311
1307437
2605485
1317545
2250583
2655371
9133036
7602357
3425463
9878009
3324501
3856784
8857545
1692004
7199170
2761881
9106494
9830914
1427192
2753776
2504199
2006856
1748943
1240828
9109477
6865865
1303719
1338646
6951251
726539
2155964
9027914
4550328
4761450
2861811
6800911
9933173
1994847
4403269
5874988
1872857
244122
2248124
730402
1936126
9447295
6008636
3558972
1794561
7435828
8829100
4298760
1959037
578043
8055940
3584866
7443908
9359659
7439865
4395159
2602550
9595829
5939426
7152878
6873631
8801237
3953790
9323156
796085
873411
5198145
5185294
1117533
9962621
8432048
5570011
9409916
4440684
1645335
1204477
4392865
474435
8019589
8868254
1052479
8591882
4969472
1012739
7951541
2409337
7924251
3070444
2005167
3863677
223322
1395150
2664914
4177112
718307
5977351
7566875
8432804
3678997
8684408
8395425
2111046
6770771
321694
9068082
8416106
1526171
3460947
1406894
2062113
4845553
4975725
653995
9815026
5988464
1121888
2224363
6429067
4192332
6745882
2809096
4415655
657385
5474011
1109119
1375692
3967714
8675995
2324848
163064
9876755
720273
2274110
9163879
1041967
1342192
96337
5084491
7319492
1503231
9662956
4681397
6478956
316951
4496423
4983773
1438839
9237139
1412840
8147524
8499373
4221937
5079531
9156758
2212300
6188650
3048802
8696366
7380997
5373650
8859430
9774105
8610276
3649892
8937984
2168595
7508437
9034321
7253086
7344281
3053905
9432394
2025678
9532861
9749345
6522102
7032986
3704537
8275593
962179
1852061
6774966
7700468
6931592
5931725
2429120
5636594
1496879
1125486
5533944
6870530
2501269
5308049
5480806
6151161
6762385
165753
3659598
8313058
7418840
1003879
1366963
9367586
5545910
3416177
9116932
2068012
2965515
5337821
2859957
3927694
9706234
9634923
1628162
9154178
8083000
6573634
7307124
9579880
7699121
2841068
6450410
2716742
665469
4447568
1384255
9944206
4613321
5043854
8257265
4548513
8564085
2140580
3916100
6626347
8073109
5549384
8694359
1038625
887205
1554316
4966319
593439
3705592
9110834
2263969
1788592
8200820
9571093
1368472
5899941
2412162
335234
1133035
5593983
4782802
2517291
5538190
1912476
77497
3795455
6460989
1157934
8452387
2893441
7784282
6525497
8442825
8994993
7564122
1846382
3065662
5046793
4956173
6771254
6673979
7220142
8559846
4874800
6791236
2444671
3291093
1719750
2779905
4424129
7313733
79060
9457772
2851923
1991536
9535269
9163730
968877
693203
7616118
3862319
8477485
4141615
4821496
7472479
4222089
9184231
538141
1785234
4140404
9825747
8459214
3876899
901945
5850366
3184487
3346616
9141459
4904237
6126522
6081940
4734322
6205582
5539712
102598
8197118
7591333
9266328
1682347
8284537
9398798
5544666
9278374
6056765
2882515
9267205
278854
2066746
2321698
4580441
8723502
2147445
3039655
2600401
3049391
1406373
5784888
6396007
547832
3205477
5038881
9146125
7939800
1244463
7202189
558750
1957933
4793523
9825078
6156633
5594412
1740229
1701299
4872786
7796994
7100166
6656344
592201
1683264
8978042
5172642
406767
3641840
728649
3007168
6691231
2135022
1308409
5603590
5199206
4513886
642472
4345331
4970038
4403287
4063873
5528788
8877573
8857396
7870219
5034206
6968160
2126800
9251857
4357298
9923794
8868376
1013642
515995
551640
2508037
8204989
958407
6149877
8933638
6481928
2841108
1068660
7790337
961050
6267867
4820575
4119874
3129550
9790614
1039514
7193423
7835754
9917087
8567171
8222325
7467645
5535331
349125
9235854
2408982
2789272
8104230
3422624
5821619
8655871
5930661
4026609
9614278
4596890
2960247
6096206
9954350
6545260
3886543
915401
2813127
1223471
5035275
5942677
3530437
8591141
5652453
1366191
8508228
4219624
2104869
8492225
2271308
4970346
7728080
4680290
275970
5832310
8102914
6097590
4488181
6549928
2640551
6618812
3663170
8117150
2715018
3617521
4662410
9117914
7049274
7475537
341385
4600901
5934567
3871822
3192043
1587020
7754365
1700271
8322996
2375586
192497
594304
9862285
7920577
5274594
138255
6269239
5893861
8752197
757421
4960141
1392748
7376233
8623311
9509899
2607603
2240832
4172309
1725517
9290106
4164199
4583254
3891008
2615118
971428
7083051
6718490
1242146
1299674
5041486
3617732
4008523
5635791
5996369
4445452
3426737
6134625
714692
9320598
7403174
3988465
4280739
8795923
1364698
2904051
822174
6488653
7661235
7510835
730523
9467694
4191386
5313777
3358702
6806504
8801558
2958105
3524994
43704
6774131
8566481
6177788
3299007
6718624
2174158
7744459
145361
825135
975503
9465960
8228309
4963968
6263051
9540584
8845018
9167102
362758
5333672
9344690
389946
6064195
8812384
4581332
3894324
4687438
1387837
2695882
7645543
7429183
5255938
6936026
5995664
3950079
235033
2714288
6124237
495845
5376002
9465724
3987700
4841962
210385
1468021
1105013
9750970
313039
2788468
2630080
8163063
2133158
3020026
6743610
945542
7601359
3154287
5632980
1505548
8366521
5794875
8934731
3622460
5247253
7446748
7572539
5482287
2677388
6213128
8494484
8053390
8195204
2482184
5411704
8405589
3950205
9033070
8156559
6779597
1821538
3302992
7459012
6471048
6323018
4202623
9932942
6440729
9873262
8082274
7946277
8239783
6393501
9397361
4378595
1640754
6844109
4467486
9639393
2037849
680614
8133877
91240
8875818
3132414
5502944
9797760
7082619
4536014
470671
6378568
8873904
3773663
3837581
7861304
96682
556556
7794246
6537411
429818
8392872
7000041
1185953
4786373
6397402
5564549
6427128
5757863
32035
6066521
7795712
3229002
6716751
403304
4621172
9849165
5906249
4418932
9448136
2958615
4889604
5826705
4348872
8663267
2180638
2210176
1276301
5253546
2520775
330065
8199716
913647
7330106
9385669
8216373
6243860
7466570
4643501
4518075
7498606
3226374
2313787
3243960
2459477
2717092
7865132
2308642
1139693
2284065
4273131
6614660
9690021
2616188
3479884
8353288
4796826
8206413
2145942
2566724
727188
2476007
766440
4157187
2322465
152109
2373560
1082677
135032
9533413
5600752
7633638
5276140
7914539
3393950
7735617
3147983
1259082
2560612
6804028
6059499
9350095
3418689
5749520
1966283
9414925
6619161
6763109
7621338
8765103
1846185
8348526
1241110
2612625
5022066
6079927
5281086
9911978
7162604
5416118
1961744
2763356
5566108
7237884
3194247
8960058
7489853
8858583
219141
2566817
5662611
6278640
1916912
1597652
4544513
3883195
1012578
1163674
3162656
8633916
9928777
5008841
9498795
3686239
137818
4520861
9766166
5418905
6949191
9445122
3351375
8910935
2208478
8917484
8665171
7919077
393894
8671377
6777660
613035
1238194
2440272
9408028
5671459
6554276
3952541
2071006
7566854
5116215
7750015
8717123
7561344
5275208
8215918
3763935
5413027
5253131
6046453
831932
2202322
5491575
6699659
3629610
216405
5617143
4811133
8135482
6011038
3482510
4913143
9140425
7237057
9869767
1064805
2908516
6424043
5017346
7495874
6507250
2649913
5245889
5224373
2727609
3037450
5956643
6491544
8450477
3726126
2537997
1798761
8444800
545924
8498420
2074410
762329
6631916
6885544
8897812
2642954
2884406
3810955
4299731
121463
6197074
5364537
5546331
5137469
2898235
5558558
1644719
5548149
804447
9385444
792110
3841897
7858439
9800007
4808726
1584565
2338004
6607487
2545718
5400281
7622260
7136480
6162610
4254176
6538376
5060422
9413482
9422783
1387729
3713213
2060598
101155
9077750
7606930
5238625
1975986
3165488
9399696
40487
6486287
8785141
3348949
2844537
9159932
3148956
169615
3260850
8003313
6777103
5806568
3403594
6915715
2943048
9566204
1169891
1997777
7142979
583373
1420560
8530708
4296586
3481158
8631864
5890689
3604440
6386841
383027
6769928
5786537
2939866
5772568
7088030
6288815
1133457
6247963
9437772
1303072
2025165
7441085
596527
7831733
844679
7512242
3291133
2927235
1198485
5288910
70214
4298210
9225822
1117275
8594797
2706981
2265491
7001838
6311421
8652332
7384865
5597702
6955221
324731
3886622
4043252
9129898
7536431
291215
8567670
1355855
4832732
8525107
1952383
5180817
1886138
1980977
8471950
4813374
5695815
6277213
7399940
9994025
8019387
8517215
1105174
726368
3299058
8107012
9554142
4467742
8008229
7668196
1422964
849312
4071170
5466216
9979211
1607601
8273783
1063233
2963456
3106515
9588341
7432191
8287332
1474479
1929521
9275634
8804205
7625336
8069199
6204146
135713
6088587
7237713
1240888
9331307
536772
1864252
1401801
7520866
9872482
1586349
8943830
3238146
5657519
4410046
5733709
9781472
5200181
6796943
5261281
8306696
8901636
5209824
9110380
376115
7139345
902367
1696673
7281033
8971566
7900819
7416747
7576505
5138532
1173987
9424165
8191656
3038239
3342318
5712523
5427073
4928668
4656353
8665220
3102539
1582752
6915281
5400364
6782933
3712224
661645
7605982
2613860
5871469
9232714
5506328
5527167
135081
7203001
5324552
1623000
7620172
5257651
1715857
2758704
6431638
1140022
3466713
1986230
4482341
1695588
9929655
1927361
6351941
1111227
5029900
451045
8026509
430264
9750331
4255085
3608261
9872665
6868946
1996083
9105379
4891626
39602
1756813
4610979
7880506
5896165
2231151
3138158
7612022
7506207
2086148
1268397
972920
6588730
8267090
2668508
6518386
194451
1536802
7629613
7740703
4504199
8172474
687320
4254530
2427560
6811933
6643547
1812858
8808016
5748927
9220836
1363970
22092
3831815
9244477
5918257
6062966
2382635
6046631
6085525
6985135
7315028
9574798
3573866
8098470
4759658
2608604
8292921
6296460
2754569
8549977
3317012
927044
1753649
87894
3354604
8565582
6731442
7683814
9889951
4996721
6904650
1253921
7535165
736465
3014750
3453422
9315783
7913737
2016405
7917660
4898873
9331434
7492458
989091
7429904
2252117
3597695
8239178
1064929
6352264
9305507
4381941
9795660
1059156
4469836
5666616
9624738
3717630
3350430
9514689
8714351
2771432
3284963
8765868
6024249
6299713
2219290
5340032
4213451
4235695
3257693
1628676
6083481
3266503
2617767
6029738
5518620
8731814
6785268
6583550
7600430
6090775
3481843
7396091
7149931
468031
3062707
9291021
4185661
8929490
1322063
5416364
1700922
4607026
6698584
7725172
3423091
8917874
5581556
152894
5669922
1355601
1781570
4269755
4622105
6915689
2815845
2657077
5647503
9601113
1756979
3247934
8208240
5238823
644025
7874523
8223206
6223084
7165545
4925220
7668926
1003960
2857936
9369849
8127338
9556521
9611373
1550429
990747
5192929
1703324
6660669
9064883
6001246
3446777
3686988
2916936
6262622
6344065
8564439
8380088
8101045
1812373
6588328
5856220
4972750
4462852
4079426
3712187
4144749
9004646
1381113
5148709
4378935
3267314
3276047
3935456
2878687
7342828
4926203
587969
1562504
4103225
9652852
7563751
7550002
5856192
480687
6328976
4716609
9045126
4709064
5334006
3373852
3813745
1190226
862954
8276597
7786005
7091493
4937698
9307003
988959
2602759
3685938
4256273
5878806
7621394
9651313
5737986
2547598
2755634
7300491
6650823
4924838
4864242
6717177
781030
5344929
3046153
5497639
6906407
7755218
831646
280259
1568963
4538224
3659566
2361912
2324229
751059
7299610
1631233
1740018
9902369
5317171
8512644
8297527
5454918
680309
4035513
518868
3435943
3852356
7169691
8360781
8716598
3886868
9141811
4061527
9449373
7155802
3484287
7204591
503800
6280898
1289906
5042025
9940464
6168170
9882606
691524
5984132
1513839
4947894
8402853
9347363
3460538
6700380
7318633
4140847
3252246
7837501
93142
7104602
7523544
8453923
8337553
3926764
112086
4915432
3376137
9784241
8399719
3097081
288041
4680618
4386987
7846418
4621082
555158
7729025
7828958
6539290
1759216
5293205
4942144
3622931
1270095
4158876
941564
7927295
9927474
8779065
8020437
9548429
8818961
8990713
7885982
2745725
9102799
2801414
6121863
1403392
1201134
9218944
1691434
5881752
3605931
9537852
3019186
6677441
9783229
3364497
5733084
1542446
8657702
3191580
5165377
9927797
7350456
8623294
371444
9794283
9918711
8391882
9342712
8737673
7382595
7228694
1483398
9001746
2546460
7605261
405139
3747594
6824205
4612925
2145698
2946489
6667129
7681237
2140282
6450359
1045734
389718
7992805
2219788
3581298
5674534
4663937
3448107
4297828
5035382
3242390
6732892
3427264
2585102
5470565
3326211
2330148
6953963
2327957
4876608
7075577
5249448
1140555
6416134
9862373
3286253
9362623
6529503
3483842
4019258
2979862
7045928
4408976
3489019
9265716
506627
1679905
6446006
3954734
8494086
1481388
9713476
5226978
7425004
4814930
697543
3267567
7145078
167858
5595524
4538038
7243435
3361325
5678593
3659570
3223698
1481199
5538545
2269553
4965041
2074155
5249415
2010970
6483132
1254786
3793038
6989759
2934692
239044
3460845
1428778
4236784
3174321
6655756
4178140
7989251
9869651
7445707
7650681
37509
5557584
2188719
7280945
8918909
383665
3456867
4658959
1864864
8995412
6928513
9346257
1069568
2177928
1357227
69052
5949067
7666618
9575163
8883759
7905662
5552360
2828889
2142447
8726681
2000997
8836939
9232284
1870648
6282647
6882965
4424509
1840231
1588036
4221806
3275492
1971701
7678673
7934451
6352917
9190438
4862964
5699175
2776358
9557245
9572754
5361762
5506312
7239372
7453277
6906423
5145035
3005637
9735312
9803834
4248670
4252661
8640773
3480954
8639661
7439772
2880271
3064170
9280003
6984659
7285977
2555495
8956361
7481002
489947
5309278
6671440
5352911
3524805
1964150
4910156
3097560
7325912
2932820
336932
4779189
9839243
7998319
7784826
2090907
7802153
2033496
6343568
8959279
8030802
4983229
6399051
3427425
563752
8195407
412085
7849729
750902
9368446
5330731
3757201
7194076
4518524
1626465
3235234
6482674
9052973
6332794
6324939
1985794
6669726
1104128
1825037
4668046
1405307
6432297
4986551
5955155
2775865
6462182
6502310
275447
5377586
9929735
839199
3572993
341820
1205280
6840247
2226618
9052363
597449
1937047
6087239
2223914
5172281
2569914
1276887
1505075
1411205
5779033
691153
5031685
7604071
7875551
6436992
4036368
5378455
4908500
9328585
4356989
1410810
2120384
9734575
3856897
5475935
3307568
4198718
9197567
147816
8941688
8249931
3261617
3395087
4337170
8001883
8567368
9423436
1795122
2588795
3350993
7574156
5796301
8382679
7694579
6188204
7336023
4247299
1566659
2244523
6092236
5923649
6171685
8212621
5658224
28583
6204908
1482145
6743653
5402476
4146313
8201693
3652407
7407930
1596781
505929
7926165
164149
2445718
9721287
5269297
5796711
7295443
3581950
4179390
7506374
9770154
1515414
1753673
1336814
6276289
7845910
9776815
4964327
6058531
7951391
4992910
2263439
1949888
4252915
182267
6096201
2454608
3834674
6020483
4051389
6856956
3946648
6731891
1819026
3667936
4517540
7615737
3479731
8099490
4311480
986106
7869644
8343246
2739779
1722810
7135887
585689
4015977
2100214
9160572
1967369
7093124
3940364
6433609
3862391
4122631
2529811
6317000
473658
8550294
2884741
9846966
5013295
2132984
1665992
8681231
9166876
1798081
2160962
9782718
6109561
5663420
168715
6969159
8403200
1891525
4105047
1505241
8423855
6205261
3182166
2907576
5814738
7122530
9341185
9677129
3761513
1870996
8510481
4235171
2937643
3911575
4082137
7950938
8560911
8264481
9148521
244140
62563
3825835
26858
8688476
9489256
195573
5657636
7892456
4603451
2279035
9397697
3027306
1000648
2579863
5934882
6815386
2218745
5276067
9008868
5980259
9663416
35701
2731782
2601059
3947276
9330272
3068349
5024540
7594753
2216870
5268680
173668
6042705
5295538
8862145
8048313
8007464
7036133
5940769
2610915
1831520
7854819
5638221
2832168
2951034
1573103
2163907
5169780
6849170
1172775
3666391
6512586
1208476
8914525
1629997
7672105
8244797
7214698
2696645
8355903
1947920
481677
8529571
506978
8293567
9908068
8555291
6301031
9460553
7012413
8911946
3808425
4867232
4550167
6640594
334618
6123270
1320853
8020750
5488793
2493628
1687141
4517731
6218456
601667
8664081
6406913
1362816
5878779
1619910
2235071
7826700
2101587
764643
850030
395155
3189063
9405321
6696186
5165969
6417734
5608133
8974394
3801318
2674652
8131340
4135937
1314275
1968545
2156687
9319420
4462173
6360181
3837151
3196982
9478200
2501232
9603895
841016
896364
1223806
3076088
1239416
5841745
6357083
2089446
6236900
2062498
4011119
5449439
9744819
2945206
3573924
1235566
6746524
6248576
9366906
882461
79203
1335452
5555501
9398623
8313977
1915682
3235775
4027311
1393882
8253359
6147559
4751250
1666075
9887717
7827338
2905491
5729462
6700773
7511289
4482715
8763272
1522409
9932154
1024443
6983967
3506078
2260009
3730491
2271006
1626916
7129305
2350210
5478720
2684806
1748833
6309049
4600488
7500960
2852713
5994370
5754320
1516624
3261972
9936747
1404341
1089311
2842239
9650155
306436
2869880
4132870
1586060
6908641
6581376
2610504
3892608
2603806
4870513
7623100
4874813
9013781
4752405
7225023
7008853
7437211
1490208
3317903
4554051
8991169
8686968
3064773
7261841
203592
6326745
7198588
4124285
9932408
2557179
3774440
238845
7943412
7907311
1824905
4852053
7005039
4435409
8744662
9608846
9305923
8884114
4483659
836056
6152871
4225034
7844910
6106434
5715242
3679165
660485
7222763
2366133
6241610
4484604
5086077
2568355
4199545
9210362
2500764
6756724
2984802
5255961
4700136
3408465
7080866
2068542
413505
4032628
3329556
2538703
5854903
2213670
7022362
6690959
8366541
3763748
4535869
6989327
9478990
8215034
7649812
9218106
3097519
6407774
3702710
8183596
8976129
418607
9910310
3993245
9691684
2895113
9249206
4391820
8819930
8846425
8976714
1749787
2879053
2306270
4288490
1250308
4519940
3827204
7941267
5402833
7590952
4993489
4908512
9586295
5724875
2558324
8804401
8822395
8966098
5023463
9522343
458580
5442071
9432654
4451825
5133755
4844119
6217384
2041927
6180401
5063809
3534994
7930189
459214
5841264
4735031
1709522
2877557
1078588
9650789
796742
8669540
7160630
5705255
772187
2885506
779931
2092940
4224253
2262382
9632756
3746596
2720962
5074827
5695602
9689139
2724934
3056073
5906523
7283213
9236475
3486684
3334559
7166664
3945898
9175824
4418047
5655420
4569733
5496635
7822562
5366475
6682528
4983192
1071730
9971067
385050
4368014
2064008
4609303
6630396
1696764
872252
1867710
9287943
9084206
4073201
4529229
2140280
9979725
4328794
1376755
5982761
7663354
1059771
9928660
9355530
5477818
8100432
3925263
3490806
5922994
9291738
173334
3422539
2879821
2660753
6323941
7247835
4724761
933245
6394583
8937877
4321849
8262293
742172
5922407
2335494
5271401
8062687
4831571
2116548
1955794
814333
9779902
3015565
3259345
9135432
1009736
1359777
3060695
7016894
7282772
4868785
9706580
3221663
264958
2367333
9545604
29145
7092095
2995201
6423728
8546324
9833402
7202373
9288497
5755810
9537868
7076250
6334849
6885791
9192798
8290644
216476
1489052
3822561
3475821
624484
7348649
4835599
6201531
4365543
4634723
3586669
6588475
372738
3851627
8955809
9918342
6397125
8564256
2913544
2820853
7110580
5263298
23227
8915429
1019108
2077447
5991680
7353958
1479590
5184478
8160954
1696067
6673531
4499867
7688240
9814367
1848517
5040191
8532251
8730412
2191266
4635272
5318888
2564004
1003251
6791049
2482347
7400376
5355305
7912243
221230
4982237
3175541
2760809
3897667
6711002
7354608
9889347
6581312
1350550
7590177
7258618
3046617
4263708
1758485
3251210
6594428
6123354
8291401
5126679
7370119
482668
9761951
2689007
5563024
3281554
9480056
561723
681931
7351713
8473966
3419513
2333950
4165860
6180322
6231617
3393214
6051282
8637316
2490878
7401832
6227494
9749496
2964802
3007554
4024333
6216012
9601982
147688
7023765
7245013
7517807
22785
9523316
2723166
5585810
2804871
4719574
6147533
3486802
2071287
7137852
6906315
6921589
3820064
5602989
5669559
7213278
1654271
4306875
9704156
1572455
534369
1970004
4537257
3541924
5994337
3269621
5660258
8658377
293387
2905272
8692536
316172
4944940
1415702
5901982
7749811
8651628
4565868
3752965
3239267
1703720
3175632
160857
5523784
8778621
5830416
2737062
2949244
2653643
4957570
7038052
3188013
9443926
1575309
9246289
7954615
7361283
7422899
6612993
171022
2844523
5305529
3003546
7789464
9237584
1421881
8055627
7889212
5987749
1808593
1128480
7691469
4984225
3805689
5731605
6279199
9636105
8468667
9228443
4806100
5942589
6266495
510465
7902867
358157
9756754
5857482
235792
9696006
2470475
406814
2540529
292357
5926712
329993
2046293
7348593
8385621
9935505
3336342
2710566
3580337
3544163
211143
7386026
9275768
6490342
9538483
260787
8235138
4344584
8719728
4501633
4855049
6622595
7376142
7128156
2480078
128286
6824162
7466905
3051452
9364691
275614
8978165
2211037
2321907
6326758
596658
4773765
2179453
5823576
8354102
5723616
6034719
5740129
7515737
2525062
5278612
7776524
760200
2139548
9012605
7778185
6994598
5635200
7670680
4122754
631630
7798966
946916
614888
850419
2827959
890502
9828584
5038996
5728762
6155342
8152006
502527
851147
3975582
8856629
6574764
10302
7113110
6606853
5051716
4908075
6899729
5811916
7047623
5912334
6106453
6558573
4063887
3777133
681327
4695517
1576100
4144595
7826757
4942871
9488907
1233612
4771455
4527903
6962374
3443149
5196262
9981253
4294297
9171844
8837882
3385413
1698498
8467345
2508618
6750214
5891772
9408347
5078482
5455747
5320682
1184936
2014321
9384569
7478421
5212000
6596438
9054521
1872948
4423196
3997392
1361855
5656808
1285199
8406110
5135534
7244701
3602372
5116787
1538998
5290569
6471021
7440763
6989067
7454718
9949381
6255634
3346490
9357728
1334116
8802238
7194762
5035404
816559
9095683
2513826
6028559
5692122
4084699
417859
2631670
598444
1779714
804830
1883643
2702177
5940364
9128344
6304549
3573503
3183694
1595118
44524
3140809
1100538
7499243
5606542
9872524
845733
7480623
3722992
2164323
4675385
8758397
2980882
3771069
3788575
1525794
1979543
7873274
4460005
4611213
8471718
6239720
5416043
2871714
8941897
3872759
4516410
7762798
7446262
7700105
1874269
7138
3357266
2974807
7506381
8963809
2847331
868467
6444432
9086675
5549142
1119817
7845072
1046377
7407238
4149999
2572171
9386781
2023274
7032176
6514346
3011344
5788248
4446741
8399410
7246497
835852
2915821
5009296
8282114
3132278
9399917
805605
6489544
2374724
8311986
5453353
7738407
1696805
4414137
6825082
7245948
8050307
7186507
8292325
5457545
1336506
3380848
7360679
5876132
2929376
6391377
1403829
1233977
838119
9803239
8480474
4190323
2719060
6006122
2472438
8367690
5406039
3278043
4857235
297115
4106381
2826940
551874
8319539
7241078
9893309
8081839
7807737
9596168
6374164
5781634
932674
2271364
3142313
9325159
7717092
2050043
728988
8951069
5404514
532227
9947896
9594837
5767640
5954018
4583627
4135330
3876410
378022
1508917
6689877
4484404
4335858
7241752
5320295
4093288
9651413
3402134
1901025
9247581
2292650
199011
2696607
4564014
3341325
4538118
2281106
7907720
5267106
1232176
3312234
8315686
3696424
2907071
4083326
9650442
7051
735008
6043204
385073
2243926
2733082
4869477
6579784
2491186
2706124
3189424
4658951
6108258
7606801
3906532
8400908
7805812
9119491
2964922
3663489
3657610
7762381
1571209
1441068
1510909
7399795
9756754
5207333
2823219
6356432
7374127
2830270
7091441
3417332
3215343
9335367
8666766
601173
8431503
1157952
3307297
4137279
8333255
9415556
1744080
2239787
332816
9549892
3875630
3297739
5729734
49592
3576472
7300943
1490661
5087381
7217091
3763767
294714
40310
120200
7668841
2870580
9727993
3602525
8602275
9063360
2269291
9203448
11215
5943595
5027098
4148494
4276850
4442654
5892574
9032989
4775470
7958818
5424972
589561
6204904
5474564
4166033
6022200
6965225
1769766
3239291
3245345
4580832
5795953
3365545
2249674
8666533
3093538
8368551
9785160
4673250
637843
1504961
7200817
9097790
6532059
1349311
5890993
974713
9758237
7440334
8266535
233407
2865306
1372449
6438312
8339871
8054834
2460512
7821448
9824601
8216155
1066793
4405433
4012108
6948690
9171459
5194993
42228
56363
4980153
7231830
3210558
6485114
4432647
2308348
3017173
8298310
715693
6508238
8056547
8156028
7291126
8289955
1021334
8663575
7244619
1877557
9234761
2221483
2215358
1575714
437638
3282151
8497500
4449746
230842
185311
9644739
2789422
241674
4624892
2537605
3452232
3626359
9486604
8276933
6643532
7784915
8992626
5668123
5841462
9665006
5475601
6647769
3202693
6655528
6408740
5080250
5890289
8630223
7295608
7466004
9067861
3094112
8479856
3517607
5841306
8665167
3162346
1147080
8906842
303591
3684685
4875426
3929950
3171290
5668711
3089834
956205
7177690
1274309
9314019
6842696
6749910
8478141
45389
3405438
4886881
7641992
1812080
3517105
4937600
1794436
2584966
548064
274292
6102574
6389370
8939459
1781272
7536451
362653
2084863
3737488
5238080
6014813
9425130
3423143
9104648
2897687
600833
378957
2211707
7443530
9645220
689848
5271
3050658
5576729
7647263
4862738
9093834
5101216
9173526
4195153
5649280
9447818
297727
4555003
903630
2078999
4607806
1266283
4163863
861646
9020715
2695028
286777
2443859
1799676
3184464
3044692
4694986
7912523
3004574
4340206
8602371
3009846
9907216
6695453
657109
7286307
8305639
8274677
6459833
2500792
6440310
8424004
2798519
995313
9327634
7393871
8119471
593917
4074086
8981117
9614633
6769114
9267894
4574844
1085143
4968711
7619536
5780129
2881234
3140463
2636687
1483606
6150309
5060255
695411
9323770
2346562
9001050
114800
1322748
1501843
6555110
9746752
4300362
7550423
9074386
4210585
8186246
2184655
8284671
7167363
4315640
5053786
6435258
8890484
6138929
1403969
9026373
4435410
4285203
2166836
9588449
8285161
833497
4648704
8980572
157267
9511619
7981623
272067
3350719
9483466
9343529
3097471
6300180
9410304
4688209
510766
7596550
9389216
8795437
4763914
3704857
6365575
3715524
5111693
5020856
5119493
4138066
9456266
1921048
8821254
1561067
2722562
9654751
8726124
1703134
2328371
754095
2201109
5116790
4104814
4200927
6976672
9718637
501108
6386976
4406846
3528226
3983527
6312414
4840015
8747441
17271
1205591
4979317
5128965
8742799
2615162
1783383
8199066
4536210
604638
2276485
9775124
2775741
1002609
3994611
7620464
1756704
6195720
5253607
5861518
2913000
2230279
8096507
3414108
8617255
5019705
9458686
5117134
1332120
4298701
3864575
1349391
8020644
1360244
8994708
6763444
3975406
778092
7478862
8511617
1382730
9755347
803093
6674823
3274309
4797704
4295288
7547365
993425
9548895
5925236
3906425
4295526
4021743
9836885
2912781
9041449
1811923
8029916
2889921
8626976
4410843
4239312
9163973
5771088
5750373
5927417
9746494
6528465
5922631
774463
427547
8194330
1577557
7102370
3984991
6375261
3914010
1532357
9885038
5979257
7457593
6307815
274783
1479336
8661052
5703917
3037137
472975
6250185
5927058
9099952
661028
2682723
8263925
8948468
8433096
6707694
1211315
7477913
5146677
4502130
7905460
5857359
6079687
7524182
9842351
4971301
1438193
1374708
7372691
9933802
1348653
6196859
208586
5344341
4857911
8428855
8381479
7847239
4679040
6824889
9463543
7856420
2023964
243820
9321241
2973412
9467866
532556
451325
4614543
5034686
873137
471902
3630726
8397320
314253
1118379
2351865
4205313
1007422
2285667
5553966
7204281
5010605
898308
2062193
3439460
1796139
9909432
634852
1137380
1889327
8491273
5677697
2133147
7812514
8651109
1601013
861422
1618787
6215556
8412460
2491924
9203810
4559538
889244
2034416
5677917
5757461
6239729
6685340
8043129
4310048
6405973
5570086
7724708
8468166
9009547
2037199
893950
2160751
3174579
2783277
3168376
8852276
4916424
980890
19738
6517437
4358664
1638525
5249345
5287477
4130449
4453156
9847015
7536046
9003924
8041285
3293507
7760005
7242977
3852988
2070053
3648950
9423075
2311113
2117117
948974
4348312
5527419
3109725
39244
827049
6278102
1407872
5743473
9775344
1427610
4777263
4134009
5582487
2542960
9421486
9712937
9512468
1784853
9765335
8516392
9826138
3058842
6276398
7069115
6911831
862803
718066
6334906
3173917
5351535
7283880
38581
3395306
2909957
77825
4222355
9188059
4002050
2482181
8963404
5429660
9775796
5613765
3528500
2318756
7551603
3241437
4347577
1852808
3006772
2863969
1678947
8581966
1656719
1264414
5493797
5035875
4498832
4345055
8209792
2366719
4145287
764725
5762026
7055245
842551
2500733
8759656
4844601
7499266
239412
2790613
7275062
5853177
6319113
2110171
5921132
2076902
8974100
7773941
7600026
4354421
1969240
6181993
6011141
5750006
4192142
1047016
248839
1053550
1773160
2615558
5198837
2537885
893936
4770434
5896788
3394670
3530091
3257741
3410288
3769503
8564707
685351
2139033
4883820
5311874
576517
9477075
4285974
866810
7077101
8640395
5352402
5775446
7167888
1102409
2483941
731256
1351248
6053843
5020768
6483158
1252680
75006
7377095
8539467
5971794
3288117
4585910
1745888
6698405
8355413
310595
9900108
3010798
7710767
5211982
6103668
7187842
2014308
6970478
6781296
3171056
4839233
5073094
338944
5941642
7557035
3586553
7292890
3610878
8607321
6292400
7379911
8682327
3669495
8435730
4654122
9473964
3021640
8916362
6172370
1377053
9226957
8588830
6904204
6937724
6317165
5524224
6641919
8331473
5011054
3423215
4018881
9850287
8496309
4357826
5791929
8569697
7944379
5601171
4696927
9068052
1893572
2076838
7750380
8079419
512568
4920854
7553384
6050560
3837216
6242106
9943966
3064173
4830936
6848170
2518249
1148101
4888746
9160168
1995927
9899800
5099735
6014808
9750088
3596045
2888986
8058369
4682094
833365
3659541
9379021
9901418
8069465
3972212
168150
6148884
7001132
5089004
6218620
3051693
8926220
2460726
2995659
4506745
7291663
2360181
9541346
956116
7248927
8701515
2952043
7148727
6317602
1483204
6898815
9913647
4372190
7473537
7112093
7721908
1133078
6491115
139678
1718895
463327
307828
384131
7464459
5396832
6602752
3032504
6839404
9063478
6028163
3862501
8871493
8388344
3403847
9827610
5637271
4621714
5296005
5302351
939317
6779209
4717518
3369316
1151400
2191055
481410
8873308
5840485
9488877
9012986
7559380
9952204
1837166
7943512
9933015
7233998
4546264
5481872
6589754
6126094
1510035
452255
4997588
2414732
6372454
7341550
568355
3510521
5153907
5870706
4449838
1933117
588225
335506
5600869
2779280
3333268
6990529
8619766
2822145
8519867
6179146
5290701
357033
6639010
5223717
107383
1185274
3221941
6697137
9827721
4731976
9665744
4825309
9663060
6038198
4683211
231416
2065071
9837118
6102122
9031261
4286587
6690347
9366768
9887456
1985980
2700036
9394337
605746
8038534
7914204
9301244
3329235
8271237
5940255
1069304
8378620
9641881
4291245
7592109
9469602
1539574
7257853
6811263
1202634
5812404
4010826
1434050
7877475
3847945
7536173
6908737
650884
6742872
8791857
3054693
8728852
4008245
2449030
9334598
2046779
363235
1152195
5376015
1150824
7092450
8961671
2045797
9250683
3252917
9637906
8720286
4792491
6895760
8047901
5995125
2708164
2058728
9945528
3101991
8423025
7481701
10728
9073909
6740925
1318937
4644954
5469778
5327183
7093985
7320728
7373962
9973572
8472923
5266329
1124396
8081725
4228001
3170193
7332409
7480918
5324452
8569047
4789761
2220212
9133300
3301238
7444728
1192028
3246766
3063071
2131405
3244819
5590152
3721667
9985745
6909089
8366621
7971875
2236272
7976958
7808955
2126587
7950530
6281879
7392916
1591279
6879956
1620917
7277824
4212365
1618187
2602276
5297764
8924300
4822488
4431065
2225539
4783568
8139445
7988657
7846640
270851
3749829
3436792
6508870
6251926
2862233
7391843
4223801
5098506
5368802
2032756
7225093
3319332
830987
7134361
7426963
7710944
8755279
4704788
4439661
2889818
7307064
9737426
4330471
4645905
4168491
9072362
9429473
4824288
7061019
9792465
7611491
3327200
5745609
4120361
9579126
8607843
1512205
6319279
6222701
9397359
8352036
3447794
5233043
9183023
582155
2660007
9410319
1853786
7364795
3849981
7259957
7188211
3587407
1590428
1834116
272250
3179142
3779942
5096538
240161
6088759
2708030
6083714
1834369
6828391
5662840
2958564
856948
1982120
9181265
254307
2850508
2629059
8003703
4549883
5727566
663710
3960203
97705
544857
7810184
7357662
7733068
3913943
1464442
2083537
4186193
4643584
8379831
1799083
7400097
4468590
4507113
3483811
8819311
3851857
1663004
1777875
7225157
3645124
959140
9995817
9011984
6104551
7999520
3561867
4348470
8663230
38422
4446175
1724439
7848606
4320189
9457507
4278901
8300983
4057396
981446
5460919
2437227
2780530
2861016
6905818
9803995
8861180
8241481
6172204
524184
19357
3397362
6685660
3494849
3393179
5697644
2115753
1392699
1775863
6464223
2572281
1814286
3426750
6813072
2179244
263291
6270579
6458146
1080626
2844328
9955944
6541545
5281555
5252826
9402561
4703725
7573174
780093
2945207
3745378
3820629
5480916
7142740
506289
1492117
3052271
8720285
3607870
4444970
3012501
2588445
9533603
4826787
8531547
6346675
7006031
8794838
5133607
5980529
2391816
7977935
8452826
8933361
5775842
3705652
852275
2995920
1278826
1632368
8457479
5024205
5452998
3938395
4683297
8475639
5430512
7735569
9712277
1554735
4696891
2724778
4143180
6746847
7551565
2674728
3093522
7073948
3985918
743481
5570830
6377735
1237768
4023656
7827448
7013611
245660
8679723
2525883
4040839
312092
983362
1581396
8281442
4921757
8781045
6757081
2868621
6516614
8985710
4423356
3729858
1710488
1082889
476705
1778405
6273969
3570227
8852354
2776239
4313709
6939536
1670326
8067829
3479544
9497775
5081440
3725204
8177498
123675
282395
1005942
1107037
4380143
1803736
8545146
3161189
8560818
1413768
2194155
7546528
8353476
5924013
1773369
9436365
6400718
3551774
8226686
9970946
4920480
1002926
6801007
1860016
2673252
7385188
5339560
4687379
4982981
1581117
5381230
5106656
4379864
6387172
6213694
8760008
707261
4758840
4437549
9268079
6172608
6631704
9330959
7042437
2555718
3620680
8995154
1472788
7172455
7221841
3960086
2092935
8224767
761093
6469304
3414371
662634
1808864
618103
5645615
5906333
5999333
752271
286198
4902857
6965965
1562558
5610118
1724806
6000107
7394549
413766
5148163
9241861
9972555
7703881
2862541
8967710
9176670
2551348
6189551
3136756
4644284
6930670
6414202
1113588
2861393
7076836
5438804
3479496
2722451
1345138
9478829
5991074
4147688
6898039
2957040
5710246
2508157
7198198
4226705
9902707
128316
9374868
1660920
100872
7078750
4523461
1584934
8771772
7074810
7774485
4424880
4235446
7221507
3355434
7865386
82900
2948622
5820542
6078749
8187425
7165680
5557578
4178500
3829720
2455617
9651892
2056318
7480127
9366442
6283023
9899186
9494758
5657892
1560106
2111982
5252994
6083567
6213268
6541118
5674729
6504105
965998
9910175
3725612
4321433
291913
6324865
7270055
6112456
2403614
7973833
5794488
477544
2152333
9624209
2933162
1804225
1680527
2929641
1170667
479903
2828827
3181777
6137795
4388933
7810112
1390789
472500
4023380
448259
8663582
527486
1414257
8573757
6769450
8252042
8865671
3094315
8038450
7494479
5497929
6012283
3288967
5975474
680968
2913176
1424988
2485193
7110056
6870981
6172212
7589959
9699808
1870341
6244106
4088741
2196805
7634895
7077593
6220186
599506
5741175
9264024
2013763
6831285
8549826
2782158
8213308
1644142
3336960
5707787
9658423
1865595
8996754
8150249
2546563
4426283
2091589
7548108
4052691
8962570
3720320
1642650
8662378
8107013
7886756
5267471
303819
8038003
2345065
9040357
8637509
602592
820733
3167624
9950229
9370559
8466134
8163537
3531053
1803094
6387676
5705829
6185041
7900783
3856078
8731604
4843418
8464020
6279712
8896109
9942942
2516384
3055111
8605321
623398
941867
6389144
3443569
1496222
1250561
2483926
2650083
1853154
3304659
8334059
4319735
5191570
6800194
2483273
8722624
1119640
1387301
4428453
7304682
9288084
800883
6036286
4131502
9264903
4832351
5543963
9207846
9865087
8599074
329519
488485
9540941
9235015
6448406
3553515
485577
8932332
6203598
4855083
4753343
4537658
9174818
9944914
3854204
4174443
8667538
4973844
5561745
5612343
2278526
7366181
6413226
831165
4014036
8194482
8179868
9557999
7402328
8044955
8157074
248199
1049793
214367
9483214
7498199
3767883
9968791
6430532
2487833
7340226
1183875
7025491
6515045
3645141
3396047
3205840
2312679
8369892
8767585
7925022
3164770
8650119
6854601
6512287
2664155
5049083
4692155
2222154
4967763
5253463
379228
5215962
6303256
3109948
4699176
3801455
6877831
7184320
2748339
9365664
4524546
6448567
8907508
3555943
93708
2303555
6761784
4922740
3189799
8045721
5364114
8870922
6695840
2218715
5383209
1876347
7267798
2591717
4098502
2235561
7845180
6994082
9967875
6664788
104030
7183404
466243
9498213
4367724
5730935
1380230
1408622
2179502
2804090
7480918
4789562
7623997
6759054
9712302
813797
7321127
7592769
9684719
4016968
9811484
7584280
8409667
9595635
175997
2508169
1831196
537529
2018604
1799072
7202317
4638986
1498828
184913
4137200
5866552
5915848
8033782
9791526
611702
837872
9788796
7917616
8461869
6547850
146271
9275666
3868978
7739040
1476737
402298
7550524
9061018
8811965
9662511
1753367
3836487
1493708
4807249
8371443
5809132
2009566
3010429
7307960
2194479
9663981
5690864
626679
7697763
7998742
1238381
8535635
7787539
1672350
9513857
6851741
1818621
8789523
720719
9557661
2782613
3639369
9624537
4359983
4967687
9287049
8629702
8804174
3297109
3436951
9691969
1622593
5446518
2702398
1446905
157349
4882732
9654121
3300381
2580495
7652863
7055114
3632483
7956754
8727464
5662692
4808496
546085
4452215
8045567
103746
9751180
1684937
2244636
4111163
9168976
1531685
5257218
7973150
7345146
8694169
181471
8967739
6657039
2883869
414644
9330741
282953
2585117
2631122
5379801
237980
9686236
1528636
711087
930053
7191328
5519583
1476138
4159895
6081502
4096237
3911076
282791
6340873
538591
9451767
388910
5795809
9941269
7734056
7006331
122740
9218147
3663370
5522962
2149143
5510463
5805915
4734260
657937
1185716
7488592
344174
5230704
8199679
3790579
2422032
6235614
5266717
6581928
2317117
9362954
3009356
5116260
8220179
3547947
4568028
8609089
1860109
7025649
8859497
8866440
7148390
8077644
5046162
2671352
226787
3072978
993619
4961047
3730915
4695688
2449640
6591441
9926392
3165671
382020
2348425
9401286
5648738
1446705
4234755
7528044
4456061
1867367
8264576
520360
6435395
9390017
2380469
3461045
8249515
3763261
3125787
8843511
1325776
8313491
9070299
4398754
9307110
6547698
646021
6519150
1513690
7237463
6445543
4679362
7619483
1310320
6597000
5784573
5273377
3348107
5828970
9729438
5215474
4093546
249798
4167222
3483563
5146620
144619
4249430
1426233
3270406
3092942
5268361
1583897
2163241
2183467
3407359
8710939
2829489
9926510
224630
2583304
8888405
7420344
202787
198725
4017344
8503713
5472102
9881803
4332683
7717892
5097277
942581
484042
1780851
4426144
8147014
1925470
1191927
9573248
7712228
4284869
7357961
1812477
8964462
9541429
7736189
7675401
4887270
7662699
416383
7470574
6551104
353079
189713
9266181
6886775
8693426
7254635
6768578
5542461
7488879
4382208
6485042
7972921
6163059
3427539
6119936
8088530
4619466
8209536
8317110
8904335
8083849
129588
7868797
7625278
7865777
8060550
2512548
8044828
993286
2499474
7112284
1346365
2689188
8894817
749493
3898966
6149452
7518071
9441428
6154683
1900279
8442822
4127604
8063339
1870361
2763892
8668221
9006179
3489780
9501683
426866
1573630
9631271
812015
9198908
13400
8872566
4227809
574580
2382204
6727283
203216
6244921
9416471
9098033
6994414
3315438
7763837
4512486
5273218
3918520
8929117
3716040
562477
9508808
8102754
3326369
8177029
7108933
9332502
7678713
7535800
906132
9826336
8347815
2621392
2356089
9736733
6849201
5447021
4635289
6092837
5650238
880211
8025660
4748271
390977
3857450
2512109
7419815
9130668
8946981
6348933
5363061
9509458
5857741
5982167
5352180
6551123
3091100
4684682
6746188
3143252
5590814
9088876
4007420
728558
1444965
6260505
7577760
6891987
895795
6186949
2542225
4292358
6728961
9806848
4683335
586412
4835309
2103151
2233432
6298643
8452084
7596493
5808101
6826177
6095012
1160281
5893652
9186113
8361315
2639840
4845717
3952129
1728717
1369489
4680688
5690034
7629995
4774800
5098373
1042142
3478101
156950
5334500
207062
9963799
17835
793474
7315460
2120986
5543259
3614103
3089422
5656104
1938557
9915600
1751117
5615190
8325604
3453582
3976506
965445
8299299
444987
5210514
9668789
7642027
3416900
9815136
4933179
8515274
857278
8411280
1188576
6191778
8618343
3668727
6209613
1928169
984188
846952
9987780
7114643
3936374
5643885
9053200
6368326
7395002
4668391
4693931
848584
8644897
8175728
1664235
9089884
3386242
3849376
6731912
9319494
3664512
1665091
7834768
4521790
2592724
9023345
3229920
3727419
2692072
9439534
8171940
6192612
286486
8159721
3307256
4222860
3803606
2360456
3107539
3714960
7028847
7801470
7079896
8190096
5977198
8744131
7279981
1879792
2593508
6528245
1199286
6258020
709688
1550407
3296163
3302412
573752
6526083
9546183
5782176
8481969
7718124
1974789
8768455
5877845
7798397
5507668
2197803
158853
8615207
5912763
9704053
8933029
2992659
7894149
4910227
4253142
7690482
9306371
6846650
6735079
505657
5621023
7444768
2056064
1433538
3263532
5146168
7959621
2809716
3444697
6441591
3044192
5419486
7726398
1438389
3217883
5750418
3636192
5893088
6881977
2065307
5597141
5815006
7574318
6007643
3241585
1827460
3698125
2547956
1190463
433205
5569966
6811486
394325
7626030
8245024
6174209
5288551
8720997
1500277
8733248
7678940
4544469
6669086
7921691
5982858
2403321
3672109
2135402
8296409
554087
4200709
6409903
8885445
1775027
4933898
2127031
6118840
1148375
7191339
7309303
1581580
2761305
6637141
4492257
2903688
7398517
666467
8192239
6119514
2166744
9441839
6314807
6711214
6110925
4236498
5210424
8514246
424959
7345827
9327007
3495398
4062888
8253262
2380844
8354268
3187160
7024227
4473108
4335536
4215566
1782411
8433468
6976872
935904
5442078
9880560
8334421
6108545
589151
4453935
8275289
30990
3285094
7502855
8658267
7521592
5229632
9688865
462904
5091811
9015872
3958302
9154699
9785487
6339146
7508967
2972647
3363373
4498427
9824535
7578940
8797190
774356
7072164
9733094
6216434
9469076
8067515
4841331
2574579
5037803
5632972
5121921
8322897
3135828
3780188
8360842
881812
3469053
8823746
5973623
5001277
5298400
7644674
4786764
1637547
7669994
275764
7517272
2168421
2616651
7612564
3481964
3391007
7201080
3215058
2123793
6670156
3798926
6965124
1761087
8836729
2598097
6883008
9675978
8250277
3179548
553172
1648441
6648601
9376918
7622064
4166231
4675319
5266738
8952995
8829218
2936732
1745111
8862842
7621506
4361763
6475407
1103470
269122
6192839
6834880
2392916
2862996
633806
1874392
4624083
1986887
6988841
4023444
4179218
7755470
7202992
4732390
9403911
6367946
4109309
9542327
534177
1300980
4809066
9487172
2646550
262150
3748636
1509392
400008
8110399
501151
4019830
895873
6693991
854711
3288789
2073339
4004869
7679534
6697422
5991757
7184727
3237218
170975
4940198
440211
7419717
6860461
6808157
1529026
6402789
7342334
5346358
3728207
9345858
7992908
6506709
3094494
2018653
6906718
3721245
2519804
926548
4617119
9213795
4297611
422260
3803486
8302481
8101794
3017261
6810590
7802874
6254479
6981565
2743072
6694690
6917634
2119885
6019199
8446661
8522674
3361533
6309371
2250881
5223744
6818632
8757591
834590
8837285
8180661
4555836
3873441
9107209
9172955
5603589
3404821
2111567
9407075
4223654
2729714
2424336
1034244
532588
8678816
532161
5792012
7889858
7449795
7911897
3909058
8412808
6434572
9786943
4722180
1201805
5010687
1540812
2475748
5845278
2894449
656409
2917466
6767890
2279971
4606773
2371479
8201144
6718340
1778555
2424798
9448054
4202891
3459042
9980642
5398059
6507555
5772654
3287918
3957350
3684552
7196976
2370159
2635476
9500271
9608691
3837281
7027311
1149503
6313030
5388941
6560304
6969439
8306407
3328194
1765762
2913180
5699674
9966906
2147872
9994581
4908056
1595927
4197472
883450
1576569
2111884
7391005
9865576
5399802
1348356
6066480
5113130
6234867
8701956
7129753
5843558
2539237
4157064
9509413
1368619
9546005
6069717
8338059
368764
9397911
2620173
5798296
7613937
2587080
7946169
7608518
11488
9542096
4322343
894939
3635017
6434227
8285944
6016945
4350381
2150652
2083425
9463511
8385519
785381
6593264
4229077
5840971
3266681
3738490
7209590
2812686
9808207
8064001
5697803
9206119
684175
1496099
6820056
5787607
9442268
6944927
5799095
1500716
1267270
9210386
5135734
7701497
7496331
1152679
4568230
9646983
5752457
4031741
548855
9054190
3141357
4777932
4895161
6408038
1032775
4621104
1737077
3357334
2685105
7434880
5079805
5885632
8930979
4416214
1673239
889600
1361141
9988687
2390316
2628411
9199073
42402
2846260
6695404
1195082
7414490
8858740
9463891
3962583
1923947
8518081
9620292
9218231
5929595
8544683
251006
550699
281760
3608341
5752156
232992
8688146
1637789
1680323
5620712
3311028
2569923
6981853
3299715
4960240
2126616
5015141
5002642
4972876
4226897
8714076
4903718
5601989
694319
1382653
7525936
1728753
1002946
6744168
7658348
2063981
9511526
725399
2345741
5636219
6477555
5095085
4324366
8115344
9291760
9945078
3942725
1861684
9443284
9758792
9338276
1569900
4773933
6857270
9059129
9000831
8087699
6479199
4602820
8782018
7861853
4645109
3027123
1381151
1389277
685471
3445132
900803
3927222
8307225
6537023
404778
5918662
3377741
1036474
5210422
5839171
4979199
7072106
7798807
4737992
8926734
9368708
2028277
5784005
944189
1029108
6388056
7423388
8148281
7686426
7801593
2793390
713550
9182744
6699019
3915373
5144228
116174
7842596
3451453
9169549
8247374
9370115
5063642
1800200
4580538
902814
6779400
4168996
8701621
4033744
5612083
586681
6062021
1396088
1530870
9607482
300496
8954259
272115
7986922
9272204
5581857
1216824
8454949
2280876
5132198
3599177
2397050
5491146
9566983
4082952
3738520
1453450
9146594
8055072
8550340
2565760
4834472
5235689
3783734
8868216
847772
4370415
7446590
4760212
8417638
9570424
5060708
9888249
9842539
5563982
9160453
5424396
6780807
131754
7705272
4429357
6247284
2618674
9920503
5814267
9217978
6175375
9784069
8364573
4230447
8334410
930333
9064920
3570099
4714067
449488
4417871
1600835
412430
9178083
18473
9982854
6755143
2423074
9825393
2319125
1583527
7766141
1616284
1715282
7987765
6045641
7962566
606440
5966144
6293185
2340770
2141519
8593606
705343
8888319
9444368
4152029
7953239
3014467
1382448
919079
9948690
2983283
3847862
1643125
5518108
3830716
914620
7941182
6172462
3233746
2041062
3938603
4850030
6272696
1926369
3412024
6751614
5049161
9378168
5561151
7389931
4036040
4154757
611627
2924359
3599126
4763656
3393950
9129945
6146104
6829381
1594988
1645740
677243
5754465
7163848
4507960
6669086
7621383
3196774
2419184
2178797
7135377
7269214
8451493
9061746
3197590
5203107
4110907
5092111
764258
4017191
9128151
7435367
4628818
4568862
1034493
9392474
7962812
2680791
8054930
7308545
4275779
9700670
7985789
30244
9380871
5010101
9215682
9518606
8206875
1634866
1697403
5342252
1420433
2665248
6920351
4618023
384707
3547610
9710134
3665317
7564801
1354637
1100684
4709971
5923499
4651530
4102445
6402663
7332321
4673728
3711209
4124452
6890750
4213350
6671048
8787973
9223451
5886731
822931
7430326
7521597
5036686
5288930
1458382
7701934
2209281
6076406
602993
5756892
8302892
4268310
5838045
9657530
5368995
548017
8097381
2536877
7166814
4500045
9869198
1840542
727606
6510002
1247645
4940956
3181050
2551970
4164407
1584133
3374902
4111085
9105731
8411588
1916367
564113
8629875
4125649
9156871
9232868
2398893
7459764
6017531
753290
9633646
3902878
1301307
7731027
6439755
8468122
2231072
8825305
2825016
2958678
5335307
6589013
415986
1032709
9140984
7096745
2616843
2515886
3724182
4238926
3443826
5640550
7319391
4590053
2282551
6476263
6339274
7197796
6452379
2356805
7951086
6086025
6259683
9252394
3817052
5215790
236868
8564477
4041095
5578236
4039507
1892754
2167250
4455494
2925463
1308234
1552239
5542306
6340472
5276422
9781232
2300650
3433324
9616976
6890704
5715875
6093239
3229978
2913671
5061970
8103135
3381109
3664347
4362818
2633503
7481399
9578608
5386723
8562228
6136055
964960
2601736
8028809
3132210
9573582
954272
6956796
3642173
9012931
3297268
8918595
1310515
5597918
4868271
927491
5004974
584146
9537082
751304
6014169
4599052
8854439
9395279
8263399
3217257
4545134
8261151
5312217
9931858
6823379
1448272
3413170
1941467
9477081
6545380
1515049
2947706
6018528
5157223
1960637
1832148
6592170
5787504
7430066
1460442
6714996
4951393
4560940
6252078
5702697
3091462
3367483
4557137
5003093
4147234
290746
9548227
2408385
5602964
1996437
1748117
9567588
7925959
3689584
9044670
6987691
5204634
4508728
3006219
361857
8985717
4838367
9470379
4773221
4784786
930821
1488217
9736179
8008114
256648
7955228
1099576
6140483
2512365
6102669
287717
2803112
8167248
2696103
922428
2680038
4444220
490016
605997
650156
2051038
7593689
5854790
6559766
3116260
8732999
5545483
7954628
8203379
318705
2739414
1650552
4323274
4991945
9658666
7096274
2947173
758242
3236757
7975891
9377263
3524475
779003
7544512
8736930
1701431
2740902
5697502
4707799
5863251
6347658
6758838
3456940
2202449
3318604
9089553
3451800
1380440
7044181
1655179
4215497
2299947
3305732
1055123
7291892
5480750
8151398
2755417
6238993
3904507
731308
8132608
7428982
4026663
5677120
6165912
8244446
934374
4379766
2952246
6797626
727425
9711084
2770918
5446226
5546040
1860471
8898026
6926480
8904652
3069558
1141977
3720951
8891642
4713453
1012843
4372392
2864851
3768261
3127737
6769358
7015921
1260346
6714693
1042585
9453818
5396957
9287031
388193
9776724
2239277
7185819
504149
4466713
2473089
8466727
12754
4333561
7364753
6939234
5754565
2950663
597564
9475517
1842305
5311017
488360
6214698
692220
6772973
9342435
9977930
6305247
3119133
6692623
7347832
2572952
2089581
6634863
2961145
4382657
1390493
2663316
7403158
5857206
5136405
5869885
5869960
9469966
3234638
5325547
5224532
8701654
8439463
4700049
543959
3750480
7704761
9275009
6959052
6994087
1133797
6936982
3299334
4252930
3629606
647166
6825882
8235539
9798381
9787027
2618196
1188874
4966695
21354
7046081
103101
8407591
2916041
9573067
4158581
757940
7313951
2860235
9197403
4530352
3404195
5464235
2235114
5195556
2423287
1745553
6329353
1876622
7561239
3098636
5506228
724757
9924518
6258119
523138
2227898
1392667
4228365
7194593
3930373
1274446
9814046
2337964
6706839
9387114
6496545
7464780
9217417
1873133
9178535
3747770
5277328
4642771
8499236
2989236
9582410
244789
1834942
1459032
7806028
4933578
9481612
8530785
7374448
5739731
1570275
2118698
9648750
5798640
1829644
3579123
9589438
1643690
8433439
8812630
3547156
7446337
6277410
2764574
9319470
7972297
6512344
7113150
2615068
5011580
102386
2197479
7772721
1937328
6172863
8095101
6870906
5654476
6625886
4245355
3910559
712513
8880405
3559310
9027506
710049
9654785
8616944
2353740
8088225
7429574
5900896
5534562
6223336
1181822
4854032
4195634
7694166
1967182
9327054
5222098
4585920
4040885
2994819
6523249
213749
1089920
5910507
5868225
232158
2672214
9778784
3461024
1552620
5854446
2488530
2262669
5509232
1105474
4616409
6113809
8535049
3033658
1648371
7274737
4215480
9018755
1470371
4425999
3502289
797426
9648097
8088209
4838311
5159269
7127810
7568412
8765541
3038318
3436637
8997700
5710532
5731774
2458724
7263152
4102572
4947254
2042174
9611804
8569080
9174935
8241965
9620481
2208593
9890336
6895219
8940426
1425443
881942
3366425
7444084
1679368
5530874
5532294
9034032
690143
2660104
9118796
1972037
5698422
5071786
969737
3925307
803560
5944813
3704811
4906132
3408419
5746985
7034289
1977499
4921921
5276254
4114333
9646866
7682943
1009552
8587292
1624738
1891494
4470069
9068823
6087215
2517296
7117469
7637599
3207439
9777573
6756395
5179476
7992348
1828181
8665565
4434007
5148093
7126730
8138818
2570578
535149
3885804
9604867
5029001
8807725
7397473
9143334
8454591
5080416
2669238
9558236
9221507
7077084
4028305
8290330
3164299
6545601
5407799
3318250
2269393
7701724
2590998
9965221
8210424
6935531
1147139
2644431
2083625
8273869
783250
4654203
1325371
7185406
6775422
8870724
5993131
6689247
530410
6964074
4286016
3199648
9038662
3507523
2793084
3066968
1797853
5957384
2128921
9722004
1791986
6914666
7423728
4382984
9396240
8150505
1318516
543379
794936
5918493
1333600
4094538
3089048
5175323
1279944
2380822
4046047
9789427
9070069
4576457
6753502
3356085
292457
5792164
6863608
3085542
1375484
1177813
1559278
6020758
3416169
3351264
5451776
3356250
250601
4848016
1506755
4085469
7907747
4818043
2520314
9241348
8912582
5609362
4416671
192526
506536
8462719
9981954
9576605
5555528
9251808
5449043
8364338
7560324
4829003
1449880
1452161
8523169
5525510
7472919
1939338
8876774
2924695
5295588
1643727
289064
9318695
8245548
8196811
4136739
765862
7438159
5565673
8891576
4371183
5758199
9398112
2833902
8256505
1491070
905782
24665
6940113
9270120
7584990
1769116
3236352
9037151
292285
8761862
9026422
4747976
154989
1951117
2559916
1798716
2240181
1878612
2560617
436993
8531703
5842831
391504
4097376
4734408
4762687
9855575
6648872
112941
628433
8139942
1018724
653098
5080055
2805196
8238088
9365524
6041549
9791591
2174161
4803411
8818013
6922137
4958400
3285483
9482054
9273469
8042016
3877018
1834086
995361
2408721
7676917
1386866
6506097
4927677
8665905
8878024
1576550
8778847
2022809
2232844
2313923
2675908
9829252
7635471
3430348
9194776
3677020
5738292
1368937
996784
4556305
807427
5955184
358140
289481
7745005
8400157
4166499
2095443
9395518
9091572
9772361
3298736
5597669
7216390
4480994
6992045
8792940
3259841
9014855
1025785
8090116
4207115
855037
5725587
153815
2566165
1918960
5892107
6451454
2915744
2964765
7258881
1387280
3322905
64714
9132286
4239414
6747565
3744081
6151285
5839137
3516442
9450021
3953158
3249185
3931015
945204
2042125
9707208
2476411
5584262
313676
6683526
8955651
8555616
9353693
4038168
474576
5245801
489623
5906672
8210566
264856
7293952
4049823
329571
8942590
8289238
7077136
2686672
4440523
5432626
8719466
6406896
9385784
1968651
2854264
2847340
6527129
5077824
5323751
4627743
5391501
4523629
6099747
3947117
3877323
137915
4421693
1639476
3143890
2844717
9850042
3408747
138669
3899865
6254670
1597612
2189103
5848158
6800636
9145978
1280784
5520102
5552875
666569
5106
8407139
6030261
9048587
3484963
1354013
3676330
1392816
8393994
2292429
5339933
4787669
4946697
2277978
6427145
8090587
5122695
6277187
4015686
7777717
2693405
2786708
1891681
7398860
8634867
8692317
6544839
9915651
4212419
4614066
3098572
6733877
5537557
9128834
5782464
1538872
2999199
1975147
2931689
3909545
4267576
787974
8697215
9214273
5582305
5124360
9821213
3221352
3917900
6353251
999069
9127657
9139960
2890750
6526517
7774827
1583067
5587708
206830
8311839
201774
5821755
5045716
5739331
7466941
3344533
9794556
466140
5319680
2726245
4375685
2103608
6030571
5589252
1317882
1612876
713613
3655447
4834229
7147865
8698
5833298
6275522
1665010
1240401
5318391
9439837
5339820
3422452
2163020
3651659
3624226
7984775
1213728
1879910
7968068
7074613
1674466
8434208
2394293
6917063
5326245
4497901
2947634
915498
8332135
4560511
4145463
4503934
9394740
3809680
4512633
7744390
2601554
6177643
1501143
7919945
8133833
6840964
1342397
2813205
3008975
7482976
3314332
6739055
1879238
1282400
3813668
6070056
9716608
8724313
5503471
7559205
3222215
8451105
8474703
4070702
5527968
5136518
8574637
7439060
8946198
5603622
7699803
1547752
4297617
9200946
1984050
2431450
8558262
5842799
7761007
4083590
5842127
1075339
822645
7721365
2357739
7152666
6307773
4590699
5876979
1811244
2149905
1615546
2778702
3140960
5686249
8306670
8277479
6777238
8262083
9740029
2380860
5961886
1287782
9194829
7679184
5788184
4142632
6237447
1630983
1903639
321037
9989463
2978979
3660034
7710828
5336718
812700
6534954
9927418
9206032
862550
2077323
821578
3641252
5218283
9024179
4464275
6012114
8317769
2726358
8268496
3214981
1204596
2072630
2409811
8883780
7860814
6552443
7637579
2008149
8456082
474968
1997612
3951413
4135003
2224793
9288132
7464055
8759747
9215550
9186439
9622297
3809225
8018
5779902
1543860
1548549
2760529
72327
2382671
8003239
8340823
5597652
9207835
413453
8007463
607967
8274267
7076258
8245547
282416
8048693
8720515
4796381
2000106
5371870
7021174
1288238
2835926
8297273
3020140
2022365
435922
6829365
4546735
6215824
889578
8611637
8976353
961905
994308
6979592
9302728
6591960
8703779
9716181
7115776
9311747
506800
6708386
73646
789216
4757079
8794161
5585597
9273538
4166032
5123123
3078128
9518310
3420396
6098269
4057027
3856319
5443986
8603763
2588495
6333564
9731752
4081201
7295469
726060
3577145
6598197
7318020
2280925
8830730
6950148
4109024
9337530
3658535
4182670
2643099
931966
2976831
745048
2721856
9659215
5868172
5799985
9177525
1804920
1898254
5750905
8177591
9858592
4354668
766087
6192157
4086420
4847288
6003978
7328832
940785
5118528
7163204
3221710
3949258
4113353
7330734
5803141
288240
1513404
8446240
3736558
7006588
1707640
6458415
6665803
92164
2258400
8359681
1897085
6673006
4110586
74676
6531598
981606
3357115
5240107
7584378
720755
1244086
4913210
1661541
8878966
2076414
4883251
2828224
8706119
4730338
1147717
1510711
8760094
2110309
5247270
5766682
3817950
1705685
4948838
3910114
6480437
5824871
8323551
3153443
2451809
8398228
2201393
5949767
1755343
7441501
3534145
2476099
1201939
963707
4137640
80905
5556473
1537243
5425481
4262593
6267581
6573199
8289656
7544028
8683508
3536926
3310710
5017810
7758963
775900
8927925
4239400
6600771
7251476
9909195
1568932
8166056
2110589
7518699
2437752
2068442
3569196
4913851
3270381
4532903
1567843
3351286
2605729
5621438
8776767
6868322
1889020
7866318
5157978
9433048
6549827
1211257
5260110
1567637
8970220
8552363
3011914
5725973
5153134
2779743
8151520
9238419
945799
262109
6757118
3383551
4846903
2842667
813754
8117284
9891922
4897949
3984922
2497651
519388
5278042
1882325
4924760
3144360
9556656
6874160
2210539
767913
2134270
6294529
2254485
686633
9306443
496810
8356120
4602538
8648331
110891
8064690
1426792
9384361
1448241
6273696
2227028
4778348
6907332
2118951
9676297
892255
4616602
195685
6170297
6498928
5120445
1831009
8571936
1994605
4041549
9339849
6645228
336078
4110686
9848213
2158873
4607497
720685
9277764
5772180
831576
7342454
7198972
215938
1307047
5989020
2442966
6085395
2896353
7078269
8278045
6304960
1694872
990082
4991609
710152
8626880
6822618
9282088
3137837
3380519
1138289
9783065
6232949
7765327
2147631
8391823
2372824
2868316
185939
8145004
3699893
7528393
7860329
6432183
8835440
3849349
8875149
7437188
6745702
5953419
8231585
5567014
164643
9221667
558623
3391147
7848547
7381242
2673235
986385
3278113
6327876
3285802
9511063
4093203
5433433
419238
8982380
818102
605177
9643736
7034347
8133570
20417
3466530
9485362
3869767
4858031
9438902
3131821
811450
7670487
8698836
3492445
6892155
9257459
6883592
7257054
9155053
2073179
759791
2433167
917407
4045594
1944230
7526963
1995379
4879820
6509343
2813481
5484997
8669431
2364180
6134919
8689849
5830710
5620281
5075968
688742
7575536
8207789
4016544
5246023
6906625
7508990
4654530
8680437
6908934
4427937
351842
8982114
5187728
5301361
9899521
1749674
9761943
7426484
3745054
4641763
6452179
9074887
126760
7637963
1439068
6261679
6327812
9786130
4398313
1403780
474872
4490201
2127921
4491417
9736224
1550899
4516759
6907107
2747688
1425693
3851396
3099530
2924159
9039124
8400892
2823681
3305151
8162835
2766517
9566557
2804599
1735049
1157796
5447711
9373012
2596864
1709391
8217176
2382995
8624056
2137308
5374219
3114257
4265229
2381988
5366833
5816128
6898747
4790292
8563816
8324441
8641688
4179699
1248600
197165
2580591
6588633
6018668
3259778
1871503
5585225
6064377
3606552
6743021
1512089
2979564
1856238
5737832
3713092
6755585
6878240
5850400
2129804
2508849
115629
4511793
7875682
8448110
1410540
5182327
9528278
2251333
6340367
3707977
6016286
6537532
6288568
2604919
5072552
9548347
4476422
657777
8129076
599326
9917151
2157517
6095242
1773389
411701
9808334
8528974
7289941
5658734
3175130
9798790
8290716
7686923
190825
6738826
1613816
5373152
6267104
6381501
1713519
9975082
2397787
767404
8780002
7519059
5839956
844701
1995481
9014086
8973778
5111160
8931237
3647647
1206402
704626
4059349
1014737
1749952
3865642
9189823
4925082
6180785
7480539
5128358
6371610
4219365
6742174
4261114
3002822
3123675
5974633
2977904
8037815
9258389
4274258
5556874
7614698
5118960
68707
6628784
6609090
5179867
8076373
256737
8902622
1297351
6832438
9917359
3047303
698081
1623534
488737
6878866
9104074
5617095
5766828
5839791
4875621
27942
8842613
515649
6002575
4336869
8553464
7777317
8611128
4110338
5392015
3730088
6695397
4537151
2855530
1875265
2613524
3112267
777887
3910875
9944706
3211598
9474530
3159139
7351484
9963267
2554357
6455558
8096715
8321185
4811702
2972336
8349127
6170667
6004337
6868054
507537
4557801
4645371
1635017
1184491
2553738
7881457
7879889
7090889
736987
2271506
9704413
3849254
5565745
3615288
6310312
8777343
3089818
1985803
6128827
5569438
4540160
5100738
3666153
2861345
2428792
6638489
3726824
8599459
5159179
594879
1623348
2233332
7756602
5774717
3417824
310341
3656174
3814065
7401230
6909513
8601923
7105644
3275120
4167668
3237284
2101784
2945011
8843455
4087588
1590190
4412893
8627748
9207280
8079046
4005446
4152424
7233887
7732270
2751884
2393066
843501
6891584
4626399
8600104
5182654
560575
8910445
1355180
6890992
8828027
8264694
5492915
8450023
1539814
9660583
1687308
3641598
5121946
530763
7729186
9228488
4943656
8873287
8435769
5539054
2878733
2588193
2772941
3127355
7856429
5166008
3970857
7264366
2308759
2570961
2447020
2869334
3997758
6318552
9760326
2825785
4583246
5253241
3792161
6123060
7430176
5479469
2281011
2552122
8526584
2526549
1780610
5986592
1399836
2732731
1525646
6794921
7837277
4298587
9922277
8210058
1980947
6409486
7990776
6806058
8980447
437796
2191744
5494557
6756349
1952070
836694
3855947
9721663
4628855
2495360
9668191
108324
4776371
2220313
1151260
7302920
6517276
7137852
1219109
9250007
1179850
8014030
9603636
5478438
7936307
7813695
9975737
4345793
5804471
9298148
5842592
8758620
1489892
3853501
8031321
5958315
4690196
1887268
8196330
9319051
4382628
7864522
1943728
1675351
84835
3094988
8978272
9118463
2749193
197381
884823
3929043
727763
488459
1923833
1180423
818506
4415923
8042568
6622978
3714071
6401513
7897950
5203963
255014
5929271
3678630
4945210
332891
1874961
4264262
7231872
9739483
8724342
1423575
2340670
1819330
2918199
1459134
7084875
5631932
2343957
1013919
6359696
5348768
2937752
7540119
6167275
7353675
5582687
2790253
1067746
1984200
3204555
8788062
4755567
1650178
2466692
9700777
1983069
4341653
6481391
1731293
6597488
5205733
3154869
8938159
9541416
8589420
2913645
6626291
4221353
7773954
7640210
581049
3122722
3094315
637520
9289997
447990
8736559
4596602
4032089
3237112
7801157
2820151
7992679
1967687
7803195
209808
3950757
4661201
6691200
8198402
1258689
4413285
3869623
2713200
6471053
2459044
8143197
3097345
6680397
5917151
3253907
9777798
1556226
8864574
2931670
3362575
9312565
1668229
475530
5861006
4905341
793039
8681157
5414372
2760727
9000704
5624181
9227836
3661905
2315381
7426238
7436947
9245018
3812214
2666499
5716072
8787610
809697
1329769
7984359
9243200
7100028
7762157
3315778
5964603
693827
6678354
7793520
4878408
7153884
3654526
2300102
7946923
4852035
7714474
707650
3852739
3338655
9935486
30997
8170388
9878077
7467944
7415407
3690291
134443
5647831
2477901
3460492
9493952
462260
2703693
6593980
740769
6019471
5074935
3950948
5214177
2868455
8829356
2368061
6522981
1129458
2831337
1375016
1360285
3538987
7744108
4698940
5990826
7775105
5385681
5868903
7759401
5317440
2075546
410196
965271
7069799
3870689
459223
7532059
9090734
9569555
789180
7626557
4644491
4740128
2840735
7512946
6085836
7725148
6552280
7215295
556485
443648
8575580
6611825
8187756
5790872
5119003
8479213
1176553
3504258
8754966
9010345
5579804
9165163
2491968
2649603
3035852
5467543
2698014
4642938
5037099
6003546
2269495
9681590
743674
7626582
9710888
6829510
7868083
6263168
6561157
8424568
9223169
7653089
7552745
9927277
5960314
5188100
922843
9653219
8692358
9677809
8663565
6788514
8842972
1155533
9438117
4395176
6623077
4652483
1554466
4176528
656029
6340314
3858118
3916055
3966896
6085358
3261918
1834979
4864879
9823075
2775900
4088048
9992517
2844997
6531677
5952831
8033098
7454520
5606050
6725456
7132330
6785967
3513971
8491654
457853
5468440
5403183
7080930
2637276
6957649
1257458
5809657
3297963
7631928
9725713
7264860
3717286
5503983
1616191
1098517
5327058
6908443
7702917
7835927
9753441
4234595
6305110
302891
1689115
4427513
9544699
1337797
1213480
3058670
9829452
1671333
1043463
5232635
1268615
6197091
2190284
2526073
2006748
8004600
2674353
4248813
7785812
6391640
9752796
9402003
6509
7596207
8826799
7709427
5432134
8580240
1944022
1737245
1399483
3633137
6164758
944182
4970935
9894590
4002853
7316739
1565924
7562668
5065726
2834539
3759759
7256010
7876965
8282859
7776962
551318
2531673
5562774
9459310
2284469
7481130
9465820
2397028
6307929
7175247
7829163
7404521
1635621
2082760
8804004
5268758
763870
9748186
2756045
658460
6267391
2589136
4740736
3830059
7654862
91628
106170
7427225
7968593
8389030
5204187
8519911
3437055
766962
495574
8237876
8248092
9961394
634905
7072373
9652993
980420
4476894
1288614
5579532
3280898
9073724
6343402
3029084
4346122
9518214
9296476
9451610
4258951
5642887
7106473
4350579
5749058
7050050
2319172
6654440
2254237
3355435
2607847
5537551
6367361
845723
6301995
8845107
3996980
3374368
8498100
4977400
7851262
2303066
556932
1132160
3893143
9416686
6677597
755617
8934901
5974073
207227
3193852
4133312
9830052
7544431
2398722
6880102
2379955
9053162
1650692
8251742
4177361
7188243
4619104
5023085
6006591
3464211
9020065
9380959
4478664
6513818
7232222
6781730
9587102
880734
3191225
9003789
7558331
3946842
455042
6048756
6670422
3648894
182069
9016826
3709677
2580791
5896929
8605984
4150306
7547621
6857726
8327667
7252216
3993182
5867104
3258807
7457394
7403522
5156119
1936058
6433692
4904693
1234140
6020794
5785427
6941718
7540935
5860111
3404912
7995977
4425219
75334
4161223
7123640
9092161
7870900
2220784
7505442
8993236
6371090
7569415
5850963
7215109
4821631
9844145
3082214
596791
9817891
3002088
5752910
1753949
9435780
657603
5504442
5456574
8959382
4962512
5513862
7335845
8367424
6026191
1761065
959111
187415
8884705
2567624
574667
1105489
73066
9567904
9992931
158833
7935219
7208041
7496816
7779364
2806607
8093607
7597256
5808695
6362869
1867557
5244475
9536824
9888351
3217401
8496207
4850863
8731263
5832052
5734640
4757455
109469
6693751
7461222
8994175
9261375
8035889
2616016
1850793
120145
2608948
2009626
8055364
2333341
9506442
5834729
5139948
116402
5948337
3464995
6479271
332246
8709470
8532448
2736950
4443223
7028655
104165
3174487
5377059
5838805
448294
8002881
2532556
425868
9513408
4310283
8461757
2129424
6161076
8581903
7254724
8170702
6637267
9588065
193497
4988348
7244365
309899
3453037
709360
9305522
6301636
1935182
7837970
9038586
6378406
7382977
9142751
2069245
5276389
7497909
5033891
3279270
30465
5459759
2792678
4340749
6437868
7438454
3018177
7536123
4693179
1188880
6689743
6797596
3898729
1678091
6558314
4208628
7647481
7267674
6030502
3949117
9202857
6384825
5504055
8097615
6284154
7163158
166860
4076895
4661067
5200751
7356165
7207885
3176862
2665195
1548634
9614730
2620002
7083163
7150854
9829533
8272043
3840597
9143481
4687124
8035040
5701795
1412104
8198873
2969470
7442607
4664342
4688679
6343784
168397
2786294
2627938
7331556
5469506
6704834
4508975
3186609
6577351
1716860
6363471
1758899
5781846
5978201
6895253
2865010
5645407
6724786
3653405
2002356
5868267
8340530
2553749
1570063
9752634
752622
7055885
9711593
5416965
4260916
6055377
5585362
9563562
1199668
5433270
5033068
420854
9942246
8219677
9514557
1659106
4583148
3789808
9957305
3077701
685061
2822315
8723109
9926199
6475720
3241817
5794467
7332602
5795566
9880882
7085237
6548189
9453119
9313182
4481506
3714035
7884912
66868
3277597
1600932
8016491
8310665
2021786
475089
9046694
1536343
4650547
3629842
5326152
4607852
6707543
8527565
7430167
7947004
8453765
6422240
1188822
6764584
3754842
6984388
6645466
3356431
6048929
6098585
2669614
530435
2328972
3070878
3113656
5606569
4671810
3646499
6433586
9209948
4121588
5480280
3262643
8772135
1626474
1105147
3379988
850369
9632713
3326507
8797374
8086478
9748747
2502548
7367414
6019942
2003288
4012880
9376373
8052218
2627817
4562339
1099005
7473141
149569
4212661
3079710
4821379
7859160
2029648
4031327
1980748
7509928
7293971
3269236
9136402
8399118
9165576
9986771
548183
2492083
1300497
8634661
4757183
3803045
6002075
777125
8322686
2531307
2669850
6374904
7675476
9748542
7473909
5148617
9898111
4202923
744679
4719491
4578435
2774327
1267170
9075536
2800607
1077493
2344772
1937009
9476612
1510348
4440133
24795
6518783
5740630
1175809
1275966
2060028
9694236
4569443
382714
4741896
9755646
9273970
4933724
9504188
9264231
2598694
1918651
5983506
3343373
6638142
561942
8634053
421665
9637478
1434660
1499158
4498602
5888022
3492122
8525302
328155
6033270
5044085
8585137
7209079
8836404
3161517
9419667
5922199
3544231
6677915
5677845
5334553
1611640
5182033
4598785
4210334
9617037
582291
70059
6255179
3660585
8704112
9193196
3298063
2655125
692355
7796665
1059499
6700829
6321967
1387654
2734099
3882405
2489143
2459530
2718809
5650661
1879198
8641008
1711244
8557113
6835206
7045798
2685105
4533591
4160935
9411791
4150628
7259578
9481851
2922160
920164
702315
2115356
6734579
3357440
5324063
4531245
4416939
2024893
3369564
8320945
4758992
9768321
3326441
7218523
5003482
1493454
1614073
3644491
3204698
2687538
2996049
2766848
5372644
7529640
9444135
4784435
1680269
6703714
4266286
4602429
140230
7484954
6717785
6874809
3358746
2041849
3922406
7775686
4066742
9808323
8612983
1342086
9576644
4455776
8560609
4580127
5949230
174682
740970
1670281
2862221
3737019
6953481
751217
3783011
6397617
5535652
5463280
5617683
2318291
65709
5757913
2319597
9299847
2632722
5678343
1341696
6555129
5970381
7924790
6363452
4583365
9266876
8456448
1555493
343838
5552927
7504724
518520
6293897
9175005
5897093
2547268
6128486
6648310
6330280
5042455
4700315
4309912
660138
9534958
4375622
6418051
1854555
6191821
9050774
49250
7533517
8122255
6019632
7974659
4485707
3119349
9757887
5458507
4674842
101725
1011435
2179566
620246
7305332
3870923
9033691
2368953
2515762
8198354
1215585
7558217
5415021
5525497
8218356
4949979
2417471
7152759
9320886
8609292
6203533
1886488
8659161
6842140
7906120
6633820
3844199
1025469
6391708
9302707
8216664
9009785
314142
2912582
9630031
135826
6783506
1180075
5021131
9299268
9378429
6236716
9373837
4793450
1762214
7592193
2259781
6696037
4744953
4097019
5305330
3464838
5983507
3964491
306979
3889628
3114664
6667530
7431449
2022724
5970237
5648113
1032509
8800731
8560696
3178893
8936558
7860554
4358968
3957689
9676174
6253749
2710758
9050011
1047199
4472972
9158557
5823332
3685361
6419862
9920351
8990691
9884700
5903858
2955183
2708031
2309838
8586199
