61545
49006
44490
33295
72586
32805
171
58838
73331
77460
85532
94889
5666
28863
99811
50310
26878
50176
2129
85757
11828
79314
70128
10486
91732
27107
78664
11765
21480
61687
76626
83025
10693
21116
16321
83280
70274
16492
42118
43605
10304
44002
54846
15970
72866
71009
82632
99744
21185
1114
1853
49366
80428
88333
59852
88512
31792
38516
16629
53273
16555
93255
36298
27249
30724
52619
10529
17350
85464
68999
77307
95768
13002
32153
11739
2220
3162
94371
18316
40700
95485
20169
90066
92266
24854
66270
97130
56647
21138
13760
9920
37694
23367
62570
64943
70443
15190
91824
87793
17006
